Room-1-0,0
enemy,1,464,195,100,20,10,1,1
enemy,2,756,393,100,20,10,1,1
enemy,3,622,394,100,20,10,1,1
enemy,4,339,242,100,20,10,1,1
End
Room-2-0,1
End
Room-3-0,2
End
Room-4-0,3
End
Room-5-0,4
End
Room-6-0,5
enemy,5,405,382,100,20,10,1,6
enemy,6,179,12,100,20,10,1,6
enemy,7,634,346,100,20,10,1,6
End
Room-7-0,6
End
Room-8-0,7
End
Room-9-0,8
enemy,8,388,308,100,20,10,1,9
enemy,9,710,167,100,20,10,1,9
enemy,10,507,338,100,20,10,1,9
End
Room-10-0,9
End
Room-11-0,10
End
Room-12-0,11
enemy,11,31,41,100,20,10,1,12
enemy,12,286,427,100,20,10,1,12
enemy,13,393,28,100,20,10,1,12
enemy,14,313,45,100,20,10,1,12
enemy,15,69,260,100,20,10,1,12
enemy,16,39,388,100,20,10,1,12
enemy,17,776,352,100,20,10,1,12
enemy,18,462,134,100,20,10,1,12
enemy,19,509,145,100,20,10,1,12
enemy,20,440,364,100,20,10,1,12
enemy,21,186,2,100,20,10,1,12
End
